-0.029755236773 -0.069886997938 0.040015583506 -0.089859584151 0.050112445645 0.040370313745 -0.050051176471 -0.039925719701 0.080002772474 -0.050155289438 -0.040241380664 0.089810494482 0.039887911146 -0.060010912725 -0.039888045841 0.040142280073 0.039947708567 -0.100038974382 0.039999952361 -0.040014988541 -0.050151335720 -0.060308987530 0.049979972873 0.039983947371 -0.050003746852 -0.089867991086 0.050027458640 -0.059996039714 -0.060039116109 0.040024714334 -0.039981152960 0.049963430512 0.099939471663 -0.100022266531 -0.069984788389 -0.069999993038 -0.040000000008 0.040000529928 0.050024234776 0.040146696817 0.050017201181 -0.030109455217 0.039766219469 0.089999999990 0.079897873320 -0.059989502980 0.040097817037 0.040085023406 -0.090015526315 0.049611146043 0.030055609980 -0.099979327194 0.039875854507 -0.090287459029 -0.050361035607 -0.050079219326 -0.050009479915 0.039744910997 -0.059791807559 0.069924603804 -0.040142206247 0.039831932513 0.040022959182 0.039744018513 
9
9
9
9
9
9
9
1
9
1
1
1
9
9
9
9
9
9
9
9
9
9
9
9
9
9
9
9
9
9
9
9
9
9
9
9
9
9
9
9
9
9
9
9
9
9
9
9
9
9
9
9
9
9
9
9
9
9
9
9
0.166666666667
